523.8164550033588 566.7319520003332 142.4157969494156 378.9198615499383 281.66873297351754 
106.82857677098139 493.2436965198687 535.1654490685723 203.90329082073563 191.33762868241809 
115.0329676425142 515.939785821156 27.21013510262136 487.685856405417 516.7359344820178 
118.281402293039 610.3885207128822 311.4446807884989 592.742231311138 427.7447326335954 
537.2329555199623 513.1365110350544 77.73624780750706 534.0333272364445 531.7604540164302 
315.468300310714 549.4427814293169 401.35718374878365 594.3730080832242 147.08601663604452 
362.85450399338396 614.6078868935482 117.54873558832028 68.94402901991124 449.5353435525621 
72.44552688488271 589.6555810466136 339.38279411594374 265.59304447915815 48.39076942590513 
445.4814358622815 614.0089551161511 521.9151364914177 391.0162482349255 572.074217104289 
426.4713320414408 80.26159788147756 184.33069332223485 128.48574998456513 146.2266960960182 
348.80847497429403 339.4497558572532 288.01331932494026 559.3890173517932 60.735720724198934 
338.64718871731304 61.53242672833623 568.7560471373323 69.45328649082717 102.88008874800967 
310.5146053292558 459.106705350413 144.05919034694853 103.88211463625106 408.3241015303098 
323.8634693448467 498.62318021755067 191.91822996374748 358.38709231554884 199.21301556355618 
538.8899610718647 160.29488981242056 327.8271894328082 201.77927927613524 59.99542118339885 
417.7192964853945 505.16103761663214 315.94243840273487 478.79001890464986 89.60153989703701 
140.64767320736638 226.89762468428447 234.3626174500624 219.39341359860188 177.8854995118184 
345.5471766349297 240.3589157228615 91.05744930169126 235.2505407907252 521.3201257779876 
22.688053251970523 43.760331905002396 45.76973734111259 289.01266354607424 126.21105000666904 
299.8838757883601 614.023064258192 445.743392105413 124.00498549063386 477.44788084169414 
498.668267637316 504.1169679041839 312.79668964172623 408.0382054551518 179.1817728128737 
517.6901781333813 328.1594610188601 31.33402178048739 615.4097774417163 324.83380409018343 
63.066848552869864 487.3279615288327 258.52312426112906 207.08436974683482 23.3970436351493 
277.33280022025366 321.96967575629577 508.07935750280484 203.98173553669727 314.8685982565741 
71.01807613991767 309.1696452064041 318.793169156323 37.52395120321775 39.486502179525054 
207.8029386486012 168.86310162845245 500.885003900996 32.25026592340201 594.7719759669607 
281.52742808172695 525.6263054766889 522.1219915600693 176.42121110722127 104.5902848375461 
318.8567530716435 599.6980282965684 237.90577513217787 189.001342225216 140.81491146361168 
184.764969011989 493.59634652946215 543.6399924848431 338.00709498185074 557.8600393894939 
120.72388577007874 95.80017622707331 213.88197585994908 420.5789188292468 322.35777139197677 
