172.92767147805677 27.260814820158345 118.99443264388026 364.6499548326047 132.70988741469807 
139.54304917326908 378.2362133313262 20.390977598623397 96.31816356334421 356.6442414633909 
68.15358652880154 314.0600324382041 189.47490967980423 87.57402263354501 112.13204491304795 
274.27172793031536 102.3621761820434 126.20106240965933 472.45083804981243 305.6002420288291 
165.63377759791547 433.57160275730723 312.858232587815 157.31454155271223 334.41693126874463 
160.73720912761303 429.48780220179833 508.59924012786877 82.25650967875147 445.29441178224266 
14.568962069973814 265.96408445154583 331.95506624760833 139.83987992551909 442.38475591757225 
293.5453288337675 175.2617366814101 255.54385681293377 391.93009178536255 422.0021331730311 
258.363112389409 29.045152112097174 245.72360964348854 206.71099472628 335.1292662928972 
145.87084809378342 329.22614231620133 30.961360006258587 115.06805361061622 278.5837067300178 
180.31905342067293 274.8557214641964 157.94072266075682 222.86054976086137 163.29550691772704 
395.61705099299456 191.99208119850857 39.70465468619482 366.81777688902963 390.0068935353121 
357.74829430741346 236.99529345783566 350.2937601719919 234.5571404697892 504.335376824261 
148.57757231228962 428.1258265439615 24.318735279288788 290.27166120674383 294.0956436401153 
306.28507595469785 155.83023059155647 465.68713618554904 127.77253401388072 10.664148674576259 
25.009527327275286 337.9230376929412 209.3395214349488 171.66178079209848 335.67179327701183 
47.464606035964024 455.31839160274836 354.4521279935741 239.3767912591935 406.16027532231874 
253.85953234379903 249.39205378383932 152.3085284989346 174.68031714046265 351.3391103224693 
162.01943115791173 219.89072187546293 281.16816352379374 43.9183674018344 367.09572466296214 
24.84075598467671 108.03741257401383 332.2682472489979 16.145778925921885 259.36567709335645 
98.86781255405113 322.66234112447154 412.9481737183649 207.2030303167217 62.353119792215686 
282.64153853862155 96.42900085346716 506.2098335014084 175.2542044390658 384.45306996625953 
295.4124490637147 287.2028043446507 311.3103254956902 294.467651402645 444.68113783583954 
409.7528920878739 448.0618262203048 391.7772354127511 76.7993963618495 140.63728619483666 
28.537316618190193 24.177037478867724 29.1526632759208 245.65202413304524 279.75845628612683 
334.7345248376187 30.65596864272973 90.4883520421259 115.01557195441946 317.14886897340324 
357.5848787579587 471.3758449238789 371.86703300786115 383.103649542177 372.98169758849036 
21.195622676925865 262.81574971388807 349.8162028591628 389.0904059958624 161.76656057725384 
40.615706263406764 380.9865480107306 417.2731809992706 198.00770759298908 505.1617927697055 
39.349153338874004 494.8617862318882 274.68019483960416 103.9159787160917 234.0306067436838 
